100 13
1000000000000
1000000000000
1000000000000
1000000000000
1000000000000
1000000000000
1000000000000
1000000000000
1000000000000
1000000000000
1000000000000
1000000000000
1000000000000
1000000000000
1000000000000
1000000000000
1000000000000
1000000000000
1000000000000
1000000000000
1000000000000
1000000000000
1000000000000
1000000000000
1000000000000
1000000000000
1000000000000
1000000000000
1000000000000
1000000000000
1000000000000
1000000000000
1000000000000
1000000000000
1000000000000
1000000000000
1000000000000
1000000000000
1000000000000
1000000000000
1000000000000
1000000000000
1000000000000
1000000000000
1000000000000
1000000000000
1000000000000
1000000000000
1000000000000
1000000000000
1000000000000
1000000000000
1000000000000
1000000000000
1000000000000
1000000000000
1000000000000
1000000000000
1000000000000
1000000000000
1000000000000
1000000000000
1000000000000
1000000000000
1000000000000
1000000000000
1000000000000
1000000000000
1000000000000
1000000000000
1000000000000
1000000000000
1000000000000
1000000000000
1000000000000
1000000000000
1000000000000
1000000000000
1000000000000
1000000000000
1000000000000
1000000000000
1000000000000
1000000000000
1000000000000
1000000000000
1000000000000
1000000000000
1000000000000
1000000000000
1000000000000
1000000000000
1000000000000
1000000000000
1000000000000
1000000000000
1000000000000
1000000000000
1000000000000
1000000000000
