16 120
000000000000000000000000000000000000000000000000000000000000000000000000000000000000000000000000000000000000000000000000
011111100000001111110011111111111111111111000011111111111111100000000011111111111100000000000000000000000000000000000000
011111100000001111110011111111111111111111001111100000011111100000011111111111111100000000000000000000000000000000000000
001111100000001111100001111110000000001111001111100000000000000001111100000000111100000000000000000000000000000000000000
001111100000001111100000111110000000000000001111100000000000000011111000000000000000000000000000000000000000000000000000
001111100000001111100000111110000000000000001111100000000000000111110000000000000000001111111111110001111000111111111000
001111100000001111100000111111000000000000000111100000000000000111110000000000000000000000000011111001111111111111111100
001111100000001111100000111111111111111000000001111110000000000111110000000000000000000000000001111000111111000001111110
001111100000001111100000111111111111111000000000001111111100000111110000000000000000000000000011111000111110000000111110
001111100000001111100000111111000000000000000000000000001111000111110000000000000000000111111111111000111110000000000000
001111100000001111100000111110000000000000000000000000001111100111110000000000000000011110000111111000111110000000000000
001111110000011111100000111110000000000000000000000000001111100011111000000000000000111100000011111000111110000000000000
001111111000111111100001111111000000000000000000000000001111100001111100000000111100111100000011111000111110000000000000
000011111111111110000011111111000000000000001111110000001111100000011111111111111100111110000111111000111110000000000000
000000111111111000000011111111000000000000001111111111111110000000000011111111111100011111111110011100111110000000000000
000000000000000000000000000000000000000000000000000000000000000000000000000000000000000000000000000000000000000000000000
